1612448246620 1.937531234382809e-05 500
1612448369344 1.8750624687656175e-05 1000
1612448494837 1.812593703148426e-05 1500
1612448623010 1.7501249375312345e-05 2000
1612448903267 1.6876561719140432e-05 2500
1612449038028 1.625187406296852e-05 3000
1612449174981 1.5627186406796602e-05 3500
1612449311004 1.500249875062469e-05 4000
1612449412786 1.4377811094452774e-05 4500
1612449516197 1.375312343828086e-05 5000
1612449619773 1.3128435782108946e-05 5500
1612449723035 1.2503748125937031e-05 6000
1612449827171 1.1879060469765118e-05 6500
1612449931040 1.1254372813593203e-05 7000
1612450034893 1.062968515742129e-05 7500
1612450138606 1.0004997501249377e-05 8000
1612450242436 9.380309845077462e-06 8500
1612450346771 8.755622188905549e-06 9000
1612450450572 8.130934532733634e-06 9500
1612450556511 7.5062468765617205e-06 10000
