1612448246619 1.1472 500
1612448369342 0.5249 1000
1612448494832 0.4494 1500
1612448623009 0.4051 2000
1612448903263 0.3583 2500
1612449038026 0.3289 3000
1612449174980 0.3393 3500
1612449311003 0.3254 4000
1612449412784 0.3367 4500
1612449516195 0.3074 5000
1612449619771 0.3387 5500
1612449723034 0.3354 6000
1612449827169 0.3086 6500
1612449931038 0.3133 7000
1612450034890 0.3189 7500
1612450138604 0.306 8000
1612450242434 0.3054 8500
1612450346769 0.3044 9000
1612450450569 0.3051 9500
1612450556510 0.3053 10000
