1612465274215 0.03 500
1612465374994 0.06 1000
1612465476057 0.09 1500
1612465577457 0.12 2000
1612465678581 0.16 2500
1612465779693 0.19 3000
1612465881037 0.22 3500
1612465982243 0.25 4000
1612466083329 0.28 4500
1612466184626 0.31 5000
1612466285598 0.34 5500
1612466386882 0.37 6000
1612466487968 0.41 6500
1612466588933 0.44 7000
1612466689702 0.47 7500
1612466790769 0.5 8000
1612466891848 0.53 8500
1612466992857 0.56 9000
1612467093717 0.59 9500
1612467194512 0.62 10000
1612467295599 0.66 10500
1612467396561 0.69 11000
1612467497562 0.72 11500
1612467598529 0.75 12000
1612467699660 0.78 12500
1612467800427 0.81 13000
1612467901540 0.84 13500
1612468002446 0.87 14000
1612468103391 0.91 14500
1612468204311 0.94 15000
1612468305046 0.97 15500
1612468405679 1.0 16000
1612468567997 1.0 16008
1612468670502 1.03 16500
1612468772116 1.06 17000
1612468873492 1.09 17500
1612468974831 1.12 18000
1612469076084 1.16 18500
1612469177674 1.19 19000
1612469278946 1.22 19500
1612469380327 1.25 20000
1612469481770 1.28 20500
1612469583066 1.31 21000
1612469684584 1.34 21500
1612469785840 1.37 22000
1612469887222 1.41 22500
1612469988460 1.44 23000
1612470089731 1.47 23500
1612470191025 1.5 24000
1612470292264 1.53 24500
1612470393636 1.56 25000
1612470495058 1.59 25500
1612470596478 1.62 26000
1612470697719 1.66 26500
1612470798933 1.69 27000
1612470900253 1.72 27500
1612471001624 1.75 28000
1612471102967 1.78 28500
1612471204539 1.81 29000
1612471305820 1.84 29500
1612471407279 1.87 30000
1612471508707 1.91 30500
1612471610005 1.94 31000
1612471711325 1.97 31500
1612471812663 2.0 32000
1612471976672 2.0 32016
1612472077665 2.03 32500
1612472179215 2.06 33000
1612472280575 2.09 33500
1612472381854 2.12 34000
1612472483433 2.16 34500
1612472584529 2.19 35000
1612472685796 2.22 35500
1612472786969 2.25 36000
1612472888201 2.28 36500
1612472989446 2.31 37000
1612473090877 2.34 37500
1612473192224 2.37 38000
1612473293604 2.41 38500
1612473394878 2.44 39000
1612473496087 2.47 39500
1612473597222 2.5 40000
1612473698444 2.53 40500
1612473799621 2.56 41000
1612473900783 2.59 41500
1612474002079 2.62 42000
1612474103242 2.65 42500
1612474204539 2.69 43000
1612474306002 2.72 43500
1612474407249 2.75 44000
1612474508710 2.78 44500
1612474610157 2.81 45000
1612474711705 2.84 45500
1612474813119 2.87 46000
1612474914385 2.9 46500
1612475016104 2.94 47000
1612475117401 2.97 47500
1612475218727 3.0 48000
1612475384482 3.0 48024
1612475484098 3.03 48500
1612475585501 3.06 49000
1612475687154 3.09 49500
1612475788634 3.12 50000
1612475890296 3.15 50500
1612475992066 3.19 51000
1612476093611 3.22 51500
1612476195126 3.25 52000
1612476296786 3.28 52500
1612476398314 3.31 53000
1612476499916 3.34 53500
1612476601374 3.37 54000
1612476703112 3.4 54500
1612476804939 3.44 55000
1612476906662 3.47 55500
1612477008304 3.5 56000
1612477109771 3.53 56500
1612477211288 3.56 57000
1612477312888 3.59 57500
1612477414291 3.62 58000
1612477515798 3.65 58500
1612477617294 3.69 59000
1612477719010 3.72 59500
1612477820559 3.75 60000
1612477922141 3.78 60500
1612478023712 3.81 61000
1612478125040 3.84 61500
1612478226440 3.87 62000
1612478327692 3.9 62500
1612478429001 3.94 63000
1612478530500 3.97 63500
1612478632079 4.0 64000
1612478799450 4.0 64032
1612478897386 4.03 64500
1612478999151 4.06 65000
1612479100487 4.09 65500
1612479201578 4.12 66000
1612479302994 4.15 66500
1612479404437 4.19 67000
1612479505887 4.22 67500
1612479607247 4.25 68000
1612479708687 4.28 68500
1612479810020 4.31 69000
1612479911595 4.34 69500
1612480013124 4.37 70000
1612480114673 4.4 70500
1612480216096 4.44 71000
1612480317932 4.47 71500
1612480419330 4.5 72000
1612480521001 4.53 72500
1612480622387 4.56 73000
1612480724138 4.59 73500
1612480825573 4.62 74000
1612480926918 4.65 74500
1612481028238 4.69 75000
1612481129609 4.72 75500
1612481230958 4.75 76000
1612481332580 4.78 76500
1612481434298 4.81 77000
1612481535778 4.84 77500
1612481637182 4.87 78000
1612481738591 4.9 78500
1612481839986 4.94 79000
1612481941476 4.97 79500
1612482042878 5.0 80000
1612482211896 5.0 80040
1612482218444 5.0 80040
