1612465274215 1.987506246876562e-05 500
1612465374994 1.9750124937531236e-05 1000
1612465476057 1.9625187406296854e-05 1500
1612465577457 1.950024987506247e-05 2000
1612465678580 1.937531234382809e-05 2500
1612465779693 1.9250374812593702e-05 3000
1612465881036 1.9125437281359323e-05 3500
1612465982243 1.900049975012494e-05 4000
1612466083329 1.8875562218890554e-05 4500
1612466184625 1.8750624687656175e-05 5000
1612466285597 1.862568715642179e-05 5500
1612466386882 1.850074962518741e-05 6000
1612466487968 1.8375812093953024e-05 6500
1612466588933 1.825087456271864e-05 7000
1612466689702 1.812593703148426e-05 7500
1612466790768 1.8000999500249876e-05 8000
1612466891847 1.7876061969015493e-05 8500
1612466992857 1.775112443778111e-05 9000
1612467093716 1.7626186906546728e-05 9500
1612467194511 1.7501249375312345e-05 10000
1612467295599 1.7376311844077963e-05 10500
1612467396561 1.725137431284358e-05 11000
1612467497562 1.7126436781609197e-05 11500
1612467598529 1.7001499250374815e-05 12000
1612467699659 1.6876561719140432e-05 12500
1612467800426 1.675162418790605e-05 13000
1612467901540 1.6626686656671664e-05 13500
1612468002446 1.6501749125437284e-05 14000
1612468103390 1.6376811594202898e-05 14500
1612468204310 1.625187406296852e-05 15000
1612468305046 1.6126936531734133e-05 15500
1612468405679 1.600199900049975e-05 16000
1612468670501 1.5877061469265368e-05 16500
1612468772116 1.5752123938030985e-05 17000
1612468873492 1.5627186406796602e-05 17500
1612468974831 1.550224887556222e-05 18000
1612469076084 1.5377311344327837e-05 18500
1612469177673 1.5252373813093454e-05 19000
1612469278946 1.5127436281859072e-05 19500
1612469380326 1.500249875062469e-05 20000
1612469481770 1.4877561219390307e-05 20500
1612469583066 1.4752623688155922e-05 21000
1612469684584 1.4627686156921541e-05 21500
1612469785840 1.4502748625687157e-05 22000
1612469887222 1.4377811094452774e-05 22500
1612469988460 1.4252873563218392e-05 23000
1612470089731 1.4127936031984009e-05 23500
1612470191025 1.4002998500749626e-05 24000
1612470292264 1.3878060969515244e-05 24500
1612470393636 1.375312343828086e-05 25000
1612470495057 1.3628185907046478e-05 25500
1612470596477 1.3503248375812094e-05 26000
1612470697718 1.3378310844577713e-05 26500
1612470798932 1.3253373313343329e-05 27000
1612470900252 1.3128435782108946e-05 27500
1612471001624 1.3003498250874565e-05 28000
1612471102967 1.2878560719640181e-05 28500
1612471204538 1.2753623188405797e-05 29000
1612471305819 1.2628685657171416e-05 29500
1612471407278 1.2503748125937031e-05 30000
1612471508706 1.237881059470265e-05 30500
1612471610005 1.2253873063468266e-05 31000
1612471711325 1.2128935532233883e-05 31500
1612471812662 1.2003998000999502e-05 32000
1612472077664 1.1879060469765118e-05 32500
1612472179214 1.1754122938530737e-05 33000
1612472280574 1.1629185407296353e-05 33500
1612472381853 1.1504247876061968e-05 34000
1612472483433 1.1379310344827587e-05 34500
1612472584528 1.1254372813593203e-05 35000
1612472685795 1.1129435282358822e-05 35500
1612472786969 1.100449775112444e-05 36000
1612472888200 1.0879560219890055e-05 36500
1612472989446 1.0754622688655674e-05 37000
1612473090876 1.062968515742129e-05 37500
1612473192224 1.0504747626186906e-05 38000
1612473293603 1.0379810094952525e-05 38500
1612473394878 1.0254872563718142e-05 39000
1612473496086 1.012993503248376e-05 39500
1612473597222 1.0004997501249377e-05 40000
1612473698444 9.880059970014994e-06 40500
1612473799620 9.755122438780611e-06 41000
1612473900783 9.630184907546227e-06 41500
1612474002078 9.505247376311844e-06 42000
1612474103241 9.380309845077462e-06 42500
1612474204539 9.25537231384308e-06 43000
1612474306002 9.130434782608697e-06 43500
1612474407248 9.005497251374314e-06 44000
1612474508710 8.880559720139931e-06 44500
1612474610156 8.755622188905549e-06 45000
1612474711704 8.630684657671166e-06 45500
1612474813119 8.505747126436782e-06 46000
1612474914385 8.380809595202399e-06 46500
1612475016104 8.255872063968016e-06 47000
1612475117401 8.130934532733634e-06 47500
1612475218726 8.005997001499251e-06 48000
1612475484097 7.881059470264868e-06 48500
1612475585501 7.756121939030486e-06 49000
1612475687153 7.631184407796103e-06 49500
1612475788634 7.5062468765617205e-06 50000
1612475890295 7.381309345327336e-06 50500
1612475992065 7.256371814092954e-06 51000
1612476093611 7.131434282858572e-06 51500
1612476195125 7.006496751624189e-06 52000
1612476296786 6.881559220389805e-06 52500
1612476398314 6.756621689155423e-06 53000
1612476499916 6.63168415792104e-06 53500
1612476601374 6.506746626686658e-06 54000
1612476703112 6.381809095452275e-06 54500
1612476804939 6.2568715642178915e-06 55000
1612476906661 6.131934032983509e-06 55500
1612477008304 6.006996501749126e-06 56000
1612477109770 5.882058970514744e-06 56500
1612477211287 5.75712143928036e-06 57000
1612477312887 5.6321839080459775e-06 57500
1612477414291 5.507246376811595e-06 58000
1612477515798 5.382308845577212e-06 58500
1612477617294 5.2573713143428296e-06 59000
1612477719010 5.132433783108446e-06 59500
1612477820559 5.0074962518740634e-06 60000
1612477922140 4.882558720639681e-06 60500
1612478023711 4.757621189405297e-06 61000
1612478125039 4.632683658170915e-06 61500
1612478226440 4.507746126936532e-06 62000
1612478327691 4.382808595702149e-06 62500
1612478429001 4.257871064467766e-06 63000
1612478530500 4.132933533233383e-06 63500
1612478632079 4.0079960019990015e-06 64000
1612478897385 3.883058470764618e-06 64500
1612478999150 3.7581209395302353e-06 65000
1612479100487 3.6331834082958523e-06 65500
1612479201578 3.5082458770614696e-06 66000
1612479302993 3.3833083458270865e-06 66500
1612479404436 3.258370814592704e-06 67000
1612479505887 3.133433283358321e-06 67500
1612479607247 3.008495752123938e-06 68000
1612479708686 2.8835582208895556e-06 68500
1612479810019 2.7586206896551725e-06 69000
1612479911595 2.63368315842079e-06 69500
1612480013124 2.5087456271864068e-06 70000
1612480114673 2.383808095952024e-06 70500
1612480216096 2.2588705647176415e-06 71000
1612480317931 2.1339330334832584e-06 71500
1612480419330 2.008995502248876e-06 72000
1612480521000 1.884057971014493e-06 72500
1612480622386 1.75912043978011e-06 73000
1612480724137 1.6341829085457272e-06 73500
1612480825572 1.5092453773113444e-06 74000
1612480926917 1.3843078460769615e-06 74500
1612481028237 1.2593703148425787e-06 75000
1612481129608 1.134432783608196e-06 75500
1612481230958 1.0094952523738132e-06 76000
1612481332580 8.845577211394303e-07 76500
1612481434297 7.596201899050476e-07 77000
1612481535778 6.346826586706647e-07 77500
1612481637181 5.097451274362819e-07 78000
1612481738591 3.8480759620189907e-07 78500
1612481839986 2.5987006496751627e-07 79000
1612481941476 1.3493253373313344e-07 79500
1612482042877 9.995002498750625e-09 80000
