1612465274213 1.1116 500
1612465374993 0.5844 1000
1612465476056 0.4409 1500
1612465577456 0.4095 2000
1612465678580 0.3678 2500
1612465779692 0.3612 3000
1612465881035 0.3645 3500
1612465982242 0.3551 4000
1612466083328 0.3188 4500
1612466184624 0.337 5000
1612466285597 0.3246 5500
1612466386881 0.336 6000
1612466487967 0.307 6500
1612466588932 0.2953 7000
1612466689701 0.3078 7500
1612466790766 0.3155 8000
1612466891847 0.3119 8500
1612466992856 0.3038 9000
1612467093716 0.3082 9500
1612467194511 0.2962 10000
1612467295598 0.3017 10500
1612467396560 0.2991 11000
1612467497561 0.2985 11500
1612467598528 0.2905 12000
1612467699658 0.3081 12500
1612467800426 0.2959 13000
1612467901539 0.2948 13500
1612468002445 0.3115 14000
1612468103390 0.2759 14500
1612468204310 0.2844 15000
1612468305045 0.2879 15500
1612468405678 0.2835 16000
1612468670500 0.2934 16500
1612468772115 0.2851 17000
1612468873491 0.3069 17500
1612468974830 0.2855 18000
1612469076083 0.3058 18500
1612469177673 0.2846 19000
1612469278945 0.2913 19500
1612469380326 0.303 20000
1612469481768 0.2895 20500
1612469583065 0.2779 21000
1612469684583 0.295 21500
1612469785839 0.2886 22000
1612469887221 0.2721 22500
1612469988459 0.2829 23000
1612470089730 0.2945 23500
1612470191024 0.2836 24000
1612470292263 0.3029 24500
1612470393635 0.2785 25000
1612470495057 0.2917 25500
1612470596477 0.2819 26000
1612470697718 0.2784 26500
1612470798932 0.2826 27000
1612470900251 0.2802 27500
1612471001623 0.2849 28000
1612471102966 0.2793 28500
1612471204538 0.2904 29000
1612471305819 0.2871 29500
1612471407278 0.2839 30000
1612471508705 0.2744 30500
1612471610004 0.2737 31000
1612471711324 0.2858 31500
1612471812662 0.3003 32000
1612472077662 0.2719 32500
1612472179213 0.2821 33000
1612472280573 0.2817 33500
1612472381852 0.2771 34000
1612472483432 0.2747 34500
1612472584527 0.2738 35000
1612472685795 0.2806 35500
1612472786968 0.2657 36000
1612472888200 0.2837 36500
1612472989445 0.2911 37000
1612473090874 0.2919 37500
1612473192223 0.2856 38000
1612473293603 0.2775 38500
1612473394877 0.2865 39000
1612473496085 0.2929 39500
1612473597221 0.2759 40000
1612473698443 0.2757 40500
1612473799619 0.2792 41000
1612473900782 0.2708 41500
1612474002078 0.2905 42000
1612474103241 0.267 42500
1612474204538 0.2723 43000
1612474306001 0.2732 43500
1612474407248 0.279 44000
1612474508709 0.2787 44500
1612474610156 0.2827 45000
1612474711704 0.2907 45500
1612474813118 0.268 46000
1612474914384 0.2987 46500
1612475016103 0.2675 47000
1612475117400 0.2968 47500
1612475218726 0.2867 48000
1612475484096 0.2827 48500
1612475585500 0.2923 49000
1612475687152 0.2782 49500
1612475788633 0.2728 50000
1612475890295 0.2829 50500
1612475992064 0.2827 51000
1612476093610 0.2966 51500
1612476195125 0.2791 52000
1612476296785 0.2731 52500
1612476398313 0.2913 53000
1612476499915 0.2992 53500
1612476601373 0.2843 54000
1612476703111 0.2839 54500
1612476804938 0.2851 55000
1612476906661 0.2869 55500
1612477008303 0.2837 56000
1612477109770 0.2659 56500
1612477211287 0.2635 57000
1612477312887 0.2692 57500
1612477414290 0.2819 58000
1612477515797 0.2738 58500
1612477617293 0.2732 59000
1612477719009 0.2922 59500
1612477820558 0.2739 60000
1612477922139 0.269 60500
1612478023711 0.2773 61000
1612478125039 0.2767 61500
1612478226439 0.2847 62000
1612478327691 0.2915 62500
1612478429000 0.2641 63000
1612478530499 0.2595 63500
1612478632078 0.287 64000
1612478897383 0.2817 64500
1612478999150 0.2794 65000
1612479100486 0.2593 65500
1612479201577 0.2684 66000
1612479302992 0.2621 66500
1612479404436 0.2751 67000
1612479505886 0.2767 67500
1612479607246 0.2592 68000
1612479708685 0.278 68500
1612479810019 0.2701 69000
1612479911594 0.2726 69500
1612480013123 0.2789 70000
1612480114672 0.2674 70500
1612480216095 0.2837 71000
1612480317931 0.2843 71500
1612480419329 0.2835 72000
1612480520999 0.294 72500
1612480622386 0.2745 73000
1612480724137 0.2839 73500
1612480825572 0.262 74000
1612480926917 0.2709 74500
1612481028237 0.2614 75000
1612481129607 0.2709 75500
1612481230957 0.2715 76000
1612481332579 0.2775 76500
1612481434297 0.2797 77000
1612481535777 0.2581 77500
1612481637181 0.2684 78000
1612481738590 0.264 78500
1612481839985 0.2745 79000
1612481941475 0.2682 79500
1612482042877 0.2733 80000
