1612463344622 1.987506246876562e-05 500
1612463445441 1.9750124937531236e-05 1000
1612463546302 1.9625187406296854e-05 1500
1612463647997 1.950024987506247e-05 2000
1612463749261 1.937531234382809e-05 2500
1612463850420 1.9250374812593702e-05 3000
1612463951476 1.9125437281359323e-05 3500
1612464052628 1.900049975012494e-05 4000
1612464153721 1.8875562218890554e-05 4500
1612464254807 1.8750624687656175e-05 5000
1612464356101 1.862568715642179e-05 5500
1612464457214 1.850074962518741e-05 6000
1612464558543 1.8375812093953024e-05 6500
1612464659639 1.825087456271864e-05 7000
1612464760684 1.812593703148426e-05 7500
1612464861865 1.8000999500249876e-05 8000
1612464962989 1.7876061969015493e-05 8500
1612465065379 1.775112443778111e-05 9000
